*********************************** Sortowanie bąbelkowe ***************************************

        N         1         2         3      średnia
     1000       0.003907  0.002793  0.003434  0.003378
     2000       0.010518  0.010623  0.016360  0.012500
     4000       0.065634  0.051528  0.052252  0.056472
     8000       0.202520  0.209524  0.209764  0.207269
    16000       0.874991  0.878191  0.902886  0.885356
    32000       3.821563  3.690552  3.734942  3.749019
    64000       15.052480  15.296612  15.198032  15.182375
   128000       62.270565  61.502149  61.432058  61.734924

Średnie czasy dla kolejnych rozmiarów tablicy:
0.0033778, 0.0125003, 0.0564716, 0.207269, 0.885356, 3.74902, 15.1824, 61.7349,
 ******************************** Sortowanie przez proste wybieranie ********************************

        N         1         2         3      średnia
     1000       0.000923  0.000918  0.000920  0.000920
     2000       0.003491  0.004460  0.003603  0.003851
     4000       0.014695  0.016493  0.015176  0.015455
     8000       0.061020  0.059566  0.059574  0.060054
    16000       0.233288  0.250724  0.221208  0.235073
    32000       0.855351  0.851980  0.917368  0.874900
    64000       3.516783  3.446466  3.683959  3.549070
   128000       13.772436  13.720486  13.689485  13.727469
   256000       55.043895
